 333333333333333333333333333333333
 333333333333344444433333333333333
 33333333333334    433333333333333
 99999999333334    43333399999997 
 99999999333334    43333399999997 
 99999999333334    43333399999997 
 99999999333334411443333399999997 
 99999999333333411433333399999997 
 99999999333333411433333399999997 
 99999999333333411433333399999997 
 99999999333333411433333399999997 
 99999999333333411433333399969997 
 99999999333333411433333374464447 
 99999999333333411433333374464447 
 99999999333333411433333374464447 
 99999999333333411433333374 6 447 
 9999999933333341143333337  6  47 
 9996699933333341143333337  6   7 
 7  66  888888886688888888  6   7 
 7  66      2222662222      6   7 
 7  66   7888722662222      6   7 
 7  66   76667  66   66666666   7 
 744664  88688 4664  622222     7 
 8846644   6  4466444622222999997 
 66666666666666666666666222999997 
 666666666666666666666666  999997 
 784   6555555565555555666 996997 
 744   6   78766  2222  666  6227 
 7444666  27686   2222   66  6227 
 7444644  276667  278887 66666227 
 7444644  2788687 276667 66222227 
 7444644422766667 278687 66441447 
 7299699922766667 276668 66411147 
 7299999922766667 476666666411147 
 7299999922888888 476667 66411147 
 72999999222      488888 66444447 
 72999999222    4444     66222227 
 72222222222            766722227 
 88888888888888888888888866888888 
                                  