                                                                                                                                                                                                                                                                
                                                                                                                                                                                                                                                                
                                                                                                                                                                                                                                                                
                                                                                                                                                                                                                                                                
                                                                                                                                                                                                                                                                
                                                                                                                                                                                                                                                                
                                                                                                                                                                                                                                                                
                                                                                                                                                                                                                                                                
                                                                                                                                                                                                                                                                
                                                                                                                                                                                                                                                                
                                                                                                                                                                                                                                                                
                                                                                                                                                                                                                                                                
                                                                                                                                                                                                                                                                
                                                                                                                                                                                                                                                                
                                                                                                                                                                                                                                                                
                                                      2222                                                                                                                                  7777777                                                             
                                           222222   2222222222                                                                                                                         77777777777777                                                           
                                        22222222222222222222222                                                                                                                       777777777777777                                                           
                                       222222222222222222222222                                              777                                                                     77777777777777777777777                                                    
                                     222222222222222222333222222                                            777                                                                      77777777777777777777777777                                                 
                                    2222222222000000222300322222          777777                     77                                                                              77777777777777777777777777777                                              
                                  22222222222000000000000002222        7777777                777777777                                                                             777777777777777777777777777777777                                           
                             222222222222222002222200000000022        0000077               0000000777                                                                              7777777777777777777777777777777777                                          
                            22222222222200000222222222200000          0000          00000000000000           777                                                                    77777777777777777777777777777777777                                         
                            223222222220022222222222222200000     220000000       000000000000000            7777                                                                   77777777777777777777777777777777000                                         
                           222222222222222222222222   22200000   22222200000    000000000222222000            77777                                                                 77777777777777077777777777777000000                                         
                          2222222222222222222          22200002222222222000000000000000222222222000           3337777                                                               77777777777777777777777777000000                                            
                          222222222222222222           22200000222222222222222220002222222222222200 9        3333333777                                                            77777777000000000000777000000000                                             
                          22222202222222222            222200000555522222222222222222222222222222000  9    3333000000777                                                          7777777000  0000    00000                                                     
                           2 2222222222               2222200044555522222222222222222222222222200000 9  33333000000000777                                                         00077700                                                                      
                              2222222                 22222244444555522222222222222222222220000000000 000000000000000007777                                                       00000000                                                                      
                               22222                2222222255444455555522222222222222222200000000000 000000000000   7777777                                                       00000                                                                        
                              222                2222222222555544445555555222222222222220000022222222 22200000000      777777                                                      000                                                                          
                                                2222222225555554444555555555552222222220000022222222  2222000000000     77777                                                       00                                                                          
                 0000                          22222225555555544444455555555555552222200002222222222 2222220000000000     77777                                                                                                                                 
                 0000                          2222255555555544444444555555555555555000022222222222  222222200000000000     777                                                                                                                                 
                 00000                         222255555554444442244444455555550000000022222222     222222200000000000000                                                                                                                                       
                  0000                        2222255555444444440004444444000000000022222       22222222222000222222000000                                                                                                                                      
                   000             222        22225555444444444400044444444400000222222   222222222222222200222222222000000                                                                                                                                     
                   000             222       22225550044445554440004555554422222222222  2222222222222222200222222222222000000                                                                                                                                   
                  0000              2222   222222200000445555544444555555555555555222  22222222222222222202222222222222200000                                                                                                                                   
            222   0000              2222  22222220000555555555444455555555555555522   2222222222222222222022222222222222200000                                                                                    7777                                          
           22222  00000              222222222220005555555555444555555555555555222  2222222222222222200000000222222222222200077     777                                                                        7777777777                                       
           22222  00222                222222200000255555555444555552222222222222  22222222222222220005555550002222222222277777    777                                                                      3333333377777777                                    
           2222  222222                2222220000022  55555544555522222222222222  22222222222220000055555555500022222222227777                                                                              3333333033337777                                    
            222 2222222                 22222000002    55555445552222            22222222220000022255555555555002222222222777                                                                  0             3333333333                                         
             22 222222                  22222000002     555544555222  2222222222222222222000222222555554445555522222222222                                                                    000             333333                                            
                22222                    22200000222   5555445555222 222222222222222222000222222255554444444555522222222   77                                                          000     00                                                               
                                            000002222 5555444555522  22000022222222220002222222225555440044445552222222  77777                                                       2222000         0000            0000  0000                                 
                                       0000a00022222  5554444455552 22000000222222200022222222222555444004444455522222  2207777                                                        222            0022         000000000000                                 
                                    0000000   222222 55554444445552 20000000022220002222222222222555444444422255522222 222222277                                                                       2222        0000000000000                                
                                 000000000000  2222  55522444445552 22000000000000222222222222222255522442222555522222 2222222277                                                           2222        222          000022200000                               
                                00000000000000      555222244445552  200000000004442222222222222225552222222255522222  22222222277                                                        22222222       22           00022222000                               
                               0000000000000003333355552222444455522 220000000044444222222222222222555222222555222222 222222222227777                                                     22222222222         22        22222220000                             
                              00000000000000003333555522224444455522  2000000000444422222222222222225555555555222222  22222222222227777                                                    2222222222         22       22222222000000                           
                             0000000003330000333355555222244444555222 220000000004444422222222222222255555555222222  2222222222222222777                                                   2222222222         222        22222222200000                         
                             0000000333333003333355555222444444455522  20000000004444444222222222222222222222222222 22222222222222222277                                                   222222222222        222       222222222200000                        
                             00000333333333333335555555244444444555222 220000000044444444422222222222222222222222   22222222222222222227                          9                       2222222222222        22        5555552222200000                       
                            000003333333333333335555500044444444455222  2200000000444444444422222222222   22222   22222222222222222222277                        999                        2222222222222                55555555222220000                      
                           00000033333333333333555500004444444444552222  2222000000444444444444                  22222222222222222222222777                                                    2222222222               555555555522222000                      
                           000033333333333333335550000444444444455222222  2222000224444444444            2222222222222222222222222222222222                                                    22222222222             5555555555555555500                      
                          000333333333222233335550000044444444455522222   222222222244444444            222222222222222222222222222222222222                                                   222002222200        55555552222225555555555                      
                         3333333333322222223555550000004444444455222222    22222222222244444            222222222222222222222222222222222222                                                   2200002220000022225555555522222222225555555                      
                        33333333332222222222555500000004444444552222222      222222222224444           22222222222222222222222222222222222222                                                 000000000000022222555552222222222222222255555                     
                         333333222222222225555000000004444445555222222        22222222224444          2222222222222222222222222222222222222222                                                000000000002222222555522222224442222222225555                     
                         33333222222222255555000000000444444555522222         2222222222444          22222222222222222222222222222222222222222                                               0000000000222222225552222222244444422222222555                     
                        33333222222444455555000000000044445555000222           222222444444         222222222222222222222225222222222222222222                                               0000000002222222555522222222244444422222222555                     
                        3333222224444455555000000000044444555500022             22   444444         222222222222222222222222222222222222222222                                              00000000002222222554222222222222444222222255555                     
                        333222224444455555500000000444444555500000                    4444          22222222222222222222222222222222222222222                                               00000000222222555544422222222222222222225555555                     
                         33222244444455555000000004444225555500000                    4444 9        22222222222222222222222222222222222222222                                            222200000022222255544444222222222222222222555555555                    
                         33222244444555555000000022222222255000000           22    9  4444          22222222222222222222222222222222222222222                                           2222220000222222555554442222222   2222222255225555555                   
                        3333224444  555550000002222222222222000000           202      444            222222222222222222222222222222222222222                                           222222222222222225555   22222222     2222  52222225555                   
                         33333344    55550000022222222222222000000            22            9        222222222222222222222222222222222222222                                           22222222222222222555    2222225555   22    222266225552                  
                        3333333   20  02000002222222222222222200000                  9 222            222222222222222222222222222222222222222                                         22222222222222222255     22222555555       22226666255522                 
                       3333333  2a20  025000002222222222222222220000                9  2222            22222222222222222222222222222222222222                                        2222222222222222555544     22255500000 2222222226666255222                 
                       33333   22    5555000000222222222222222220000                   20222  9        22222222222222222222222222222222222222                                        22222222222222255554444    22255000       22222226622552022                
                       3333  22222  555555000000000222222222222200000                 222222            22222222252222222222222222225222222222                                     22222222222222222555444444    255500     22 222222222225522222               
                      3333  222222255555555   00000022222222222220000     33          000222            222222222222222222222222222222222222222                                 77772222222222222225554444444422  5550000  222 2222222222255222222              
                      333  22222220000055      00000022222222222220000 333333        00000222            2222222222222222222222222222222222222222                              7777777222222222222255544444442222  55222222255  2222222222552222222             
                      333 22222000000000       00000002   222222220000 333333333     00000000            2222222222222222222222222222222222222222                              7777777744444   2222555544444422222 555555555555  22222222554442222              
                      33  2200000000000         000000      222220000  333333333  3330000000000           22222222222222222222222222222222222222                               777777744444     222555444444222222 5555555552222 2222 222554444444              
                         220000000000           00000       22220000  0033333333 33333000000000           22222222222222222222222222222222222222 222                           77777444444444   555555444442222222 5555555222    2222 22555444444444            
                   2222222200000000              00000       220000  00003333333  33333000000000          2222222222222222222222222222222222222  2222                         77777744444444555555555554444222 222 555555522  22 2222 22555554444444            
                 2222222222000000                00000       222000a0000003333333  3333300000000         22222222222222222222222222222222222222 2222    22                    77777444444444455555555555442222  22  5555522  222 2222  5555555444444            
                222222222200000                  000000        22   00000033333333  3333300000000        22222222222222222222222222222222222222a222222 2222                777777744444444444444444455554422222 222         2222 22222 55555554444444           
                2222222222000000                  00000             000000033333333 3333300000000555555222222222222222222222222222222222222222  222222 2222             777777777444444444444444444445555222222   222222222   22  2222 22555555444444           
                2222444444000000                   0000             000000003333444 3333330000000555555555222222222222222225222222222222222222 2222222 2222            777777777744444444444444444444455552222222 22222222222 222a2225 22225555544444           
               222244444444000000                  0000              00000003344444  44444400000005555555555222222222222222222222222222222222  2222222 2222           77 7777777744444444477774444444455552222     2222222222  22   55  2222255544444           
               222444455544400000                 000000             000000044444444  4444444000000555555555222222222222222222222222222222222 22222222 222                777777774444477777777444444455555    222    22222222 2222 555 2222255544444           
               222444555554440000                 000000              00000444444455555544444400000055555555522222222222222222222222222222222 2222222  222                7777777774447777777777774444455555222222222  2222222 2222 552 2222225544444           
              2224445555554440000                300000                0000444444445555554444400000044555555552222222222222222222222222222    2222222 22222          77   77777777777777    77777777444555555552222222   22222  222  22  222225554444           
              224445555555444000                 3300                   00004444442222555554444400044445555555222222222222222222222222222  2222222222  22222       777     7777777777777        222224444555555522222222    222  222 222 222222554444           
              22444455555444400                 33333    22              00004444222222555554444422222555555552222222222222222222222222222222222222222 2222777  77777       77777777777           2222444555555555522222222   22 222  22  22222555444           
              22444445554444000                  333    22               0000444422222255555544444442255555555522222222222222222222222222222222222222  222222777777           77777777            222222225555555555222222222     222 222 2222225554            
              2224444444444000                                            000044222222222555554444444222555555555222222222222222222222222222222222222 2222227777777                                22222222225555555552222 222222  22 222  222225554            
              2222444444440000                                          00000000222222222255555444444422255555555222222222222222222222222222222222222 2222220777777                                22222222222225555555522 2222222    2222 22222555             
               222222222220000                                           000000222222222225555544444442222255555552222222222222222222222222222222222  222220007777                                  2222222222222555555522  222222222 2222 22222555             
               22222222220000                                             00000222222222222555555444444222255555555222222222222222222222222222222222 2222200000777                                    222222222222555555555   2222222 2222 22222555             
                22222222 0000                                             000002222222222225555555544442222255555552222222222222222222222222222222   222200000000                                       222200222225555555555  222222 222  5522555              
                   22222  00                                               00002222222222222555555544444222255555555522222222222222222222222222222 2222220000000000                                      000000022225555555522  22222  22 55555555              
                                                          2222             0000222222222222255555555554422222555555555522222222222222222222222222  2222220000000000                                      0000000002222555522222    222    22555555              
                                                            222            0000022222222222225555555555442225555555555555552222222222222222222222 222222000000000000                                     0000000000022555522222222   22 2222255555              
                                                       22  222             000002222222222222555555555544222555555555555555555555222222222222222  22222200000000  00                                      00000000000555552222222222    222222255               
                           0                          4444                  00002222222222222555555555444222255555555555555552222222222222222222 22222200000000    000                                     00  220000555554222222222222 222222255               
                          000                                                00002222222222220555504444442224445555555555555222222222222222222   2222200000000     000                                     222  22000055554442222222222 2222222255              
                          000                                                00000222222222225555554444422224445555555555552222222222222222222 2222222000000033     33                                      222  2200055544444422222222  2222222555             
                          0000000000                                        00000002222222222555555444442222244455555555555  22222222222222222 22222220000003333   333                                      2222  2200555444444442222222  22  225555            
                           00000022222                                     44000000002222222255555555444422224444455555555        22222222222  22222000000003333   333                                       2222  2200554444444444222222 2   225555            
                          0000222225555                                    44440000000000222555555555444442222444445555555          22222     222222000000003333    33                                         222 2200554444444444222222       5555            
                         2222222555555555                                 44444000000000002255555555544444422244444555555      000        2222222222200000033333                                                    00005544444444222222        55              
                         222255555555111111111                            44444400000000022255555555544444222224444555555     00000   2222222222244440000033333                                                     00000444444422222                           
                        222555555551111111111111222                      4444444000000000222255555554444422222244445555555   0000000  2222222222444440000033333                                                      000004444411222                            
                       222255551111111111111111112222222                4444444400000     22255555554444422222444445555555444000000   2222224444444444000033333                                                        00044444111                              
                       2255551111111111111111111112222222             44444444400000         5555544444422222444444555555544440000   2222222444444444400033333                                                          044444111                               
                      2255551111111111111111111111111122222           44444000000000        555555444444222224444455555554444455     22222244444444444003333333                                                         04444411                                
                      5555511111111111111111111111111112222222    444444000000000000        555544444442222224444455555554444455    22222224444444444000033333                                                           444411                                 
                      55555111111111111111111111111111122222222444444400000000000000       55554444444422222244444555555544444555222222222444444444400000003333                                                           44441       11                        
                     555551111111111111111111111111111112222224444444000000222000000       5554444442222222224444455555554444555522222222444444444   00000033333                                                          44441      111                        
                     2555511111111111111111111111111111122222224444000000022222000000    555554444422222222224444455555554444555222222222444444444    0000003333                                                           44411    111                         
                    22255551111111111111111111111111111112222222000000002222222200000   5555544444222222  222244555555554444455522222222244444444     00000033333                                                          44411111111                          
                  2222255511111111111111111111111111111111122220000000022222222220000  5554444444422222    22244555555554444445522222222224444444    000000333333                                                         444411111111                          
                 22222255111111111111111111111111111111111111111000022222222222220000  5544444444422222    222445555555444444555522222222224444444  00000033333333                                                      444441111111                            
                222222255111111111111111111111111111111111111111122222222222222222000   4444444442222222  22244455555554444445555222222222224444444400000033333333                                                      444411111                               
               2222222255111111111111111111111111111111111111111112222222222222222000   44444442222222222222444455555554444445555522222222222224444440000003333333                                                     4444111                                  
              22222222255111111111111111111111111111111111111111111222222222222222000   4444442222222222224444455555555444444455555522222555522244444400000 3333                                                      44444                                     
              22222222255111111111111111111111111111111111111111111   222222222222000   4444444222222244444444455555544444444455555555555555522224444400000 333  2                                                    4444                                      
             2222222222555111111111111111111111111111111111111111111   2222222222000   44444442222224444444444455555544444444444555555555555552222222200000     22                                                     444                                      
             222222222255511111111111111111111111111111111111111111     222222222000  4444444422222444444444444555555444422224445555554445555552222222200000   222                                                     44                                       
            222222222222555111111111111111111111111111111111111111       22222220000  4444444442224444444444445555555544220022444444444444445555522222200000 22222                                                    444                                       
            222222 2222225511111111111111111111111111111111111111444      2222220000  4444444422224444444444445555555544220022244444444444444555522222200022 2222                                                     444       5555                            
            222222 22222555511111111111111111111111111111111111144444      22222000   444444422224444444444444555555554442222222444444444444555555222220022222222                                                    444444  55555555555                        
            222222  222255551111111111111111111111111111111111111444222     2220000   4444444222224444444444444555555544442222244444444444555  555522200022222222                                                   444444555551111111555   9                   
            222222    22255511111111111111111111111111111111111114422222     20000   44444442222224444444444444555555554444422   4444444555555  5552220022222222 2                                                 44444455511111111111155       9              
            222222   000005551111111111111111111111111111111111114442222      0000  444444442222222444444444444555555555444444    4444455555555 5552200022222222 2                                                4444445551111000001111155   9   9             
            2222222 000000555111111111111111111111111111111111111444222       000   444444442222222444444444444455555555554444     444445555555 552220000222222  2                                                4444455522110000000011115  9999               
            2222222a000000555111111122111111111111111111111111111445555 555         4444444442222222444444444444445555555554444     44445555555 55222000222222  22                                               4444445522220000000000111555599555             
            2222222 0000000555111112  211111111111111111111111114444555 5555       444444444442222222244444444444445555555544444444   444555555  2220002222222  2                                                444444552222000000000001111155955555           
            2222222  0000005551111122  21111111111111111111111144445555 55555     444444444442222222222224444444444555555555554444444  00005555  22000222222                                                     4444445222200000000000000000009555555555       
            22222222  0000055511111122211111111111111111111111144445555 55555    44444444411222222222222222244444444555555555555554442  00005555  000222222                                                     444444552222000004444000000000092225555555      
            222222222  000005551111111111111111111111111111111144455555 555555   444444441122222   222222222222244444555555555555522222 0000055555002222       4                                                4444445222200004444444400000009922222255555     
            2222222222   000055511111111111111111111111111111144455555  555555   4444441112222    22222222222111111555555555555 2222222 000055555500022       444                                              44444455222200022224444440000099002222225555     
            222222222222 00000555111111111111111111111111111144455555  2225555  444111111222222    2222222111111115555555555    2222222 00000555000000222     24                                               444444552222022222225555500000a0000222222555     
             22222222222  0000055555551111111111111111111111555555555 222225555  111111122222222222222222111111115555522        2222222  00000000000000022                                                    4444445522222002222255   55999990000022222555     
             222222222222  0000055555555555511111111111111115555555552255525555   111111112222222222222331111111555522222      222222222 000000000    00000   44                                           444444445552222220222255     9922000000002222555     
               22222222222 00000044445555555555551111111111555555555222255455555   1111111112222222233333311111155555222222   2222222222  0000000    00000    44                                         4444444445522222222022225     55522200000000222555     
                2222222222  00000444445555555555555555111115555555555222 4845555   111111110002222000333333111111555522222222 22222222222 00000              444                                        4444444445552222222202222555  552222220000000222555     
                 2222222222 0000044444455555555555555556665555522255522  5455555   111111100000000000033333333111155222202222 22222222222 00000         44 4440                                         44444455554222222220022222555552222222200000005555      
                  222222222 000044444444445555555555555606555522222555  55555555   111111000000000000000333333333355522222222a22222222222  00000        44 220                                         44444455554422222220022222225522222222222000000055       
                   22222222   4444444444444444455555555666555222222555 225555555    11111000000000000000333333333335552222222 222222222222  0000        44                                             44444455554222222200222222225522222222222000000055       
                     22222222  44444444444444444455555555555522222255  2255555555   1111100000000000000333333333333355222222  2222222222222   00        4  444                                         4444445544442222200222222222255222222222200000005        
                       2222222    4444444444440000555555555552222     22255555555   111100000000000000333333333333335555555  2222222222222200                                                          4444445544444222202222222222255522222222220000005        
                        222222222 444444444000000005555555552222  222222222555555   111000000000000000333333333300000055555 22222222222220000000                                                       4444455544444222202222222444445552222222220000005        
                        222222222  4444440000000000555555222222  222222222000555   1111100002222000000033333333000000000000 22222222220000000000                                                      44444555544444220000222444444444555222222220000005        
                           b  2222 4444000000000005555552222222 2222222220000055  1111111122222220000000333333000000000000  2222222220000000000                                                       44444555544442220000224444444444555522222220000055        
                         0000      444400000000000555522222222  2222222200000005  1111111111222222000000000000000000000000 22222222220000000000                                                       44444555544442220000224444444444455522222200000055        
                         000033     0000000000000555222222222  22222224440000005  1111111111122200000000000000000000000    22222222200000000000                                                        4444555554442220000224444444333665552222000005555        
                          00033333   000000000005555222222222 222222244440000005  11111111111  00000000000000000000000  0000022222220000000000                                                         44445555544442222222244444333333655552200000555222       
                          0000333333   000000005555222222222  222222444444000055  11111111111   0000000000000044444000a0000000222200000000000                                                          44445555544444222224444443333333665555555555552222       
                          000000333333  000005555  2222222   222222444444440005   1111111111        000000044444444444   0000000000000000000                                                           44445555554444444444444443333333366555555555552222       
                           000003333333  00         22222    222244444444440005  111111111             22244444444444444  000000000000000                                                              44444555555444444444444444333333336655555555222222       
                           0000003333333  b 55      5555     222244444444440005  11111111              222244444444444444  0000000000000                                                                444455555544444444444444443333333365555552222222        
                           0000033333    225555   555555      22244444444440005   111                   222444444444444444   0000000033                                                                  44445555555444444444444443333333355555222222222        
                           0000003333 222225555555555555     222224444444440005                          2224444444442222     000333333                                                                  44445555555444444444444443333333355555222222222        
                           000000     222225555555555555   55555555444444400005                          22224444444222        3333333                                                                    4444555555444444444444333333333555552222222222        
                            22200a22222222555555555555   5555555555544444400005                           222244444222          333                                                                       4444455555554444444333333333335555522222222222        
                            22222 2222222555555555555  555555555555554444000055                            2222444222            3                                                                         444445555555444443333333   55555552222222222         
                            22    222222555555555555555555555   55555555500005                             222222222             333                                                                        4444445555544444333333      55552222222222          
                               2222222255555555555    555555     5555555500005                              2222222               333                                                                        44444555554444433333  666  2222222222222           
                               222222255555555222  55  5555  666  555555500055                               222222                33                                                                         4444455555444444333aa606  222222222222            
                             2222222225555555222  5445       686  55555550005                                22222                 33                                                                          444455555444444333  666   2222222222             
                             2222222255555544422 540045 222  666  55555550005                                 222                  33                                                                          44444555544444455         22222222               
                              222225555555544422 540045 2025     555555550005                                                       3                                                                           4444455554444555        222222222               
                                   5555555554422  5445  22255   5555555500005                                     44                                                                                             44445555544555522     222222222                
                              4444   555555544422  55  2222555555555550000005                                      44                                                                                             444555555555522222222222222222                
                              444444   55555544422    22445555555555500000005                                                                                                                                      444555555555222222222222222222               
                              04444444   555554444444444445555555555000000005                                                                                                                                      44455555554422222222222222222                
                             00004444444  55555555440445555555555220000000005                                                                                                                                      44445555544222222222002222222                
                            0000044444444 55555555555555555555552220000000005                                                                                                                                       44455554442222222200002222                  
                            0000044444444  5555555555555555555522200000000055                                                                                                                                       4445554444222222200000222                   
                           000004444444442 555555555555555555222220000000055                                                                                                                                        444555444422222200000222                    
                           000044444444422 55555555505555555222222200000055                                                                                                                                          44555444222222200022222                    
                           000044444444222 5555555551555552222222222000005                                                                                                                                           44554444222222000022222                    
                           000444444444222 5555555551555522222222222222255                                                                                                                                           44444444222222000222222                    
                           000444444422222 555555555155522226662222222225                                                                                                                                             444444422222000222222                     
                           004444444222222 555555551115222266666222222225                                                                                                                                             444444422200000222222                     
                           004444442222222 555555551112222666666622222555                                                                                                                                             44444422200000222222                      
                          00444444222222    555555551552222666662222255                                                                                            2222     222                                       4444442200000222222                       
                          0044444422222  22 55555555552222226662222255                                                                                           2222222   22222222                                    44442220000222222                        
                          4444444422222 222  5555555552222222222222255                                                                                      00000000002222222222222222                                 4444220000222222                         
                         44444442222222 2200 5555555555222222222222255                                                                                   3333300000000022222222222222222                               4444220002222222                         
                         4444442222222  2000 555555555552222222222255                                                                                   3333333000000000002222222222222222                             444222200222222                          
                         4444422222222 22222  5555555555552222225555                                                                                   333333300000000000000222222222222222                           2222222222222222                          
                         444422222     222222  555555555555555555                                                                                     3333330000000000000000022222222222222                            22222222222222                           
                         444422222 22222222222 555555555555555                                                                                       333333330000000000000000222222222222222                           22222222222222                           
                         44442222  22222222222 222555555555555                                                                                      3333333330000000000000000002222222222222                          22222222222222                            
                         444422222222222222222 22225555555555                                                                                       33333333000000000222200000000222222222222                         22222222222222                            
                         444442222222222244422   222555555555                                                                                       33333330000002222222220000000002222222222                          222222222222                             
                          444422222222244444422222222555555                                                                                         33333000000022222222222200000044444222222                         2222222222222                             
                           4444422224444444444222222255                                                                                             443300000002222222222222200004444444442222                        222222222222                              
                           4444444444444444444444444                                                                                              444444000002222222222222222000444444444442222                        22222222222                              
                             444444444444444444444444                                                                                             444444000022222223222222222222444444444444222                        22222222222                              
                              4444444444444444444444                                                                                             4444444000222222222222222222222244444444444555                        22222222220                              
                               44444444444444444444                                                                                             444444440002222222   555222222222222444444555555                       22222222000                              
                                44444444444444444                                                                                               44444440000022222     55555222555555544445555555                       22222220000                              
                                   44444444444                                                                                                  44444440000002222        555555  55555445555555                         2222220000                              
                                                                                                    00     0                                    4444440000002222222  222   555  5555554455555555                         22222000                               
                                                                                                   000     00                                    4444400000022222222222222     222224445555555555                        22222200                               
                                                                                                  00000   0000                                   44444400000002222222222222   2222222445555552225                        22222200                               
                                                                                                00000000000000                                   44444400000000222222222222    222222244555552 25                         2222220                               
                                                                                               000000000000000000                                 444444000000000222222222  22  22222224455552225                          222220                               
                                                                                              0000222222220000000                                 44443333300000000022222  222   2222224445555255                          222222                               
                                                                                             000022222222222000000                               22443331133000000000000  22222  2222224444555155                          2222222                              
                                                                                             0002225555552222000000                               2223311113300000000000a0002222  22244444455515                            2222222                             
                                                                                             00222551111555552000000                              222211111333300000000  0000222   4444444443311                             2222222                            
                                                                                            4422225111111122000000000                              222111133333330      0000002255  4444444333311                              22222                            
                                                                                            4422255111111115220000044                              222211222222         00000000555 4444443303111                                  22                           
                                                                                            44222511111111152220044444                              2222222222      00  0000000055544444433331111                                                               
                                                                                           444222511111111152222244444                              222222222      2200  00000005555444443331111                                                                
                                                                                          44442225511111115522222444444                              22222222      2200  0000000555544444411111                                                                 
                                                                                          44442222555555555222222444444                               2222222       222  000000055554444444411                                                                  
                                                                                          44444222222222222222222444444                                2222222           00000005555544                                                                         
                                                                                           4444442222222222222224444444                                 2222222         00000022555555                                                                          
                                                                                           44444444       2222444444444                                  2222222        00002225555555                                                                          
                                                                                             4444           4444444444                                    2222202     000002225555555                                                                           
                                                                                                            4444444444                                       2222   00000222255555                                                                              
                                                                                                              44444444                                             22222222255555                                                                               
                                                                                                               444444                                               22222225555                                                                                 
                                                                                                                                                                                                                                                                
                                                                                                                                                                                                                                                                
                                                                                                                                                                                                                                                                
                                                                                                                                                                                                                                                                
                                                                                                                                                                                                                                                                
                                                                                                                                                                                                                                                                
                                                                                                                                                                                                                                                                
                                                                                                                                                                                                                                                                
                                                                                                                                                                                                                                                                
                                        77777                                                                                                                                                                                                                   
                                     777777777777                                                                                                                                                                                                               
                                   77777777777777777                                                                                                                                                                                                            
                                  777777777777777777777                                                                                                                                                                                                         
                                  77777777777777777777       777777777                                                                                                                                                                                          
                                   777777777777777777      777777777777                                                                                                                                                                                         
                                    77777777777777777    777777777777777                                                                                                                                                                                        
                                     777777777777777777777777777777777777                                                                                                                                         22                                            
                                      777777777777777777777777777777777777                                                                                                                                      22222                                           
                                       77777777777777077777777777777777777                                                                                                                                      2 0                                             
                                        7777777777777777777777777777777777                                                                                                                                       222                                            
                                         77777777777777777777777777777777                                                                                                                                                                                       
                                            77777777777777777777777777777777                                                                                                                                                                                    
                                              7777777777777777777      777777                                                                                                                                                                                   
                                                    77777777777            777                                                                                                                                                                                  
                                                                                                                                                                                                                                                                
                                                                                                                                                                                                                                                                
                                                                                                                                                                                                                                                                
                                                                                                                                                                                                                                                                
                                                                                                                                                                                                                                                                