   4   4   4   4   4   4   4   4   4   4   4   4 
  444 444 444 444 444 444 444 444 444 444 444 444
  444 444 444 444 444 444 444 444 444 444 444 444
   4   4   4   4   4   4   4   4   4   4   4   4 
 4   4   4   4   4   4   4   4   4   4   4   4   
444 444 444 444 444 444 444 444 444 444 444 444 4
444 444 444 444 444 444 444 444 444 444 444 444 4
 4   4   4   4   4   4   4   4   4   4   4   4   
   4   4   4   4   4   4   4   4   4   4   4   4 
  444 444 444 444 444 444 444 444 444 444 444 444
  444 444 444 444 444 444 444 444 444 444 444 444
   4   4   4   4   4   4   4   4   4   4   4   4 
 4   4   4   4   4   4   4   4   4   4   4   4   
444 444 444 444 444 444 444 444 444 444 444 444 4
444 444 444 444 444 444 444 444 444 444 444 444 4
 4   4   4   4   4   4   4   4   4   4   4   4   
   4   4   4   4  44       99999   4   4   4   4 
4 444 444 444 4444444  44  999994 444 444 444 444
4 444 444 444 4444444 4444 999994 444 444 444 444
   4   4   4   4  44004444 99699   4   4   4   4 
 4   4   4   4      00044   868  4   4   4   4   
444 444 444 444 4   000         444 444 444 444 4
444 444 444 444 4  44        44 444 444 444 444 4
 4   4   4   4    4444      4444 4   4   4   4   
   4   4   4   4  4444      4444   4   4   4   4 
4 444 444 444 444  44        44 4 444 444 444 444
4 444 444 444 444 444 444 444 444 444 444 444 444
   4   4   4   4   4   4   4   4   4   4   4   4 
 4   4   4   4   4   4   4   4   4   4   4   4   
444 444 444 444 444 444 444 444 444 444 444 444 4
444 444 444 444 444 444 444 444 444 444 444 444 4
 4   4   4   4   4   4   4   4   4   4   4   4   
   4   4   4   4   4   4   4   4   4   4   4   4 
  444 444 444 444 444 444 444 444 444 444 444 444
  444 444 444 444 444 444 444 444 444 444 444 444
   4   4   4   4   4   4   4   4   4   4   4   4 
 4   4   4   4   4   4   4   4   4   4   4   4   
444 444 444 444 444 444 444 444 444 444 444 444 4
444 444 444 444 444 444 444 444 444 444 444 444 4
 4   4   4   4   4   4   4   4   4   4   4   4   
                                                 
                                                 