                                          444444      
                                          445544      
                                          446644      
                                          446644      
                                          446644      
                                          446644      
                  444444444444444444444444446644      
                  445555555555555555555555556644      
                  446666666666666666666666666644      
                  556666666666666666666666666644      
                  666644444444444444444466444444      
                  666644555555555555555566555555      
                  446644                              
                  446644                              
                  446644                              
                  446644                              
444444444444444444446644444444                        
555555555555555555446644555544                        
00000000000000000044664400004444                      
00000000000000000044664400005544                      
0000000000000000004466440000004444                    
0000000000000000004466440000005544                    
0000000000000000004466440000000044444444              
0000000000000000004466440000000055555544              
0000000000000000004466440000000000000044              
0000000000000000004466440000000000000044              
000000000000000000446644000000000000004444            
000000000000000000446644000000000000005544            
000000000000000044446644440000000000000044            
000000000000000044556655440000000000000044            
004444440000004444666666444400000000000044            
004455440000004455666666554400000000000044            
004466444400004466676676664400000000000044      444444
004466554400004466686686664400000000000044      445544
004466664444444466666666664444444444444444444444446644
004466665555555566666666665555555555555555555555556644
004466666666666666676676666666666666666666666666666644
004466666666666666686686666666666666666666666666666644
004466664444444444666666444444444444444444444444446644
004466664455555544666666555555555555555544445555446644
00446644440000004444664444000000000000004444    444444
00446644550000005544664455000000000000005544    555555
0044444400000000004444440000000000000000004444        
0055555500000000005555550000000000000000005544        
0000000000000000000000000000000000000000000044        
0000000000000000000000000000000000000000000044        