999999999900000000009999999999
999999999900440004409999999999
999999999900000000009999999999
999999999 0000000000 999999999
99999999998888  88889999999999
9999999999          9999999999
7    7                  999440
7    8      788887      999400
7       78887    78887  999000
7    7  7   7    7   7  999000
7    7  7   7    7   7  999000
788887  8   7    7   7  999000
7    7      88  88   7  999000
7    8               7  999000
7       7            7  999000
7    7  7            7  999004
7    7  7            7  999044
788888  888755  557888  999 87
7          735  537     999  7
7          735  537     999  7
7  788887  735  537     9999 7
7  722227  735  537     9999 7
7  823328  735  537     9999 7
7   2332   735  537     9999 7
7  723327  735  537          7
7  722227  735  5378 887888887
7  888888  755  557    8     7
7          788  887          7
7          7      7    7     7
8888888888888    8888888888888