11111111111111        
11222222222211        
1133333333331111111111
1133333333332222222211
1133333333333333333311
1133333333333333333311
1133333333331111113311
1133333333331122113311
11111133111111  113311
22222233222222  113311
                113311
                113311
                113311
                113311
                113311
                113311
                113311
                113311
                113311
                113311
        11111111113311
        22222222223311
        33333333333311
        33333333333311
        11111111111111
        22222222222222