                                11111111113311
                                11222222223322
                                11333333333333
                                11333333333333
                                11333333111111
                                11333333112222
                  111111111111111133333311    
                  112222222222222233333311    
                  113333333333333333333311    
                  113311111111111133333311    
                  1133112222222211333333111111
                  113311        11333333222222
                  113311        11333333333333
          1111111111331111      11333333333333
          1122222222332211      11111111111111
          1133333333333311      22222222222222
          1133333333333311                    
          1133333333333311                    
          1133333333333311                    
          1133333333333311                    
          1133333333333311                    
11111111  113311111111331111                  
11222211  113311222211332222                  
1133331111113311    11333333                  
1133332222223311    11333333                  
1133333333333311    11111111                  
1133333333333311    22222222                  
1111111111111111                              
2222222222222222                              